2.246580
0.000000
2.217099
0.347595
2.129520
0.685132
1.986416
1.002848
1.791990
1.291564
1.551952
1.542955
1.273349
1.749794
0.964362
1.906165
0.634061
2.007638
0.292139
2.051399
-0.051374
2.036332
-0.386402
1.963051
-0.703126
1.833886
-0.992269
1.652809
-1.245372
1.425320
-1.455038
1.158284
-1.615156
0.859729
-1.721076
0.538610
-1.769749
0.204544
-1.759816
-0.132472
-1.691646
-0.462357
-1.567328
-0.775239
-1.390608
-1.061752
-1.166777
-1.313308
-0.902519
-1.522349
-0.605710
-1.682572
-0.285192
-1.789113
0.049497
-1.838694
0.388394
-1.829714
0.721411
-1.762298
1.038627
-1.638299
1.330586
-1.461233
1.588572
-1.236187
1.804865
-0.969659
1.972969
-0.669375
2.087806
-0.344057
2.145862
-0.003166
2.145294
0.343374
2.085979
0.685469
1.969525
1.013152
1.799216
1.316880
1.579923
1.587808
1.317955
1.818055
1.020874
2.000935
0.697276
2.131150
0.356535
2.204953
0.008528
2.220251
-0.336658
2.176671
-0.669019
2.075570
-0.978931
1.919993
-1.257432
1.714589
-1.496487
1.465465
-1.689223
1.180016
-1.830135
0.866698
-1.915243
0.534787
-1.942210
0.194101
-1.910415
-0.145288
-1.820966
-0.473351
-1.676671
-0.780395
-1.481952
-1.057351
-1.242718
-1.296041
-0.966187
-1.489418
-0.660679
-1.631772
-0.335365
-1.718900
0.000000
-1.748232
0.335365
-1.718900
0.660679
-1.631772
0.966187
-1.489418
1.242718
-1.296041
1.481952
-1.057351
1.676671
-0.780395
1.820966
-0.473351
1.910415
-0.145288
1.942210
0.194101
1.915243
0.534787
1.830135
0.866698
1.689223
1.180016
1.496487
1.465465
1.257432
1.714589
0.978931
1.919993
0.669019
2.075570
0.336658
2.176671
-0.008528
2.220251
-0.356535
2.204953
-0.697276
2.131150
-1.020874
2.000935
-1.317955
1.818055
-1.579923
1.587808
-1.799216
1.316880
-1.969525
1.013152
-2.085979
0.685469
-2.145294
0.343374
-2.145862
-0.003166
-2.087806
-0.344057
-1.972969
-0.669375
-1.804865
-0.969659
-1.588572
-1.236187
-1.330586
-1.461233
-1.038627
-1.638299
-0.721411
-1.762298
-0.388394
-1.829714
-0.049497
-1.838694
0.285192
-1.789113
0.605710
-1.682572
0.902519
-1.522349
1.166777
-1.313308
1.390608
-1.061752
1.567328
-0.775239
1.691646
-0.462357
1.759816
-0.132472
1.769749
0.204544
1.721076
0.538610
1.615156
0.859729
1.455038
1.158284
1.245372
1.425320
0.992269
1.652809
0.703126
1.833886
0.386402
1.963051
0.051374
2.036332
-0.292139
2.051399
-0.634061
2.007638
-0.964362
1.906165
-1.273349
1.749794
-1.551952
1.542955
-1.791990
1.291564
-1.986416
1.002848
-2.129520
0.685132
-2.217099
0.347595
