0 0.000004
1 0.000000
2 128.000000
3 0.000000
4 0.000004
5 0.000000
6 0.000006
7 0.000000
8 25.600002
9 0.000000
10 0.000001
11 0.000000
12 0.000003
13 0.000000
14 0.000000
15 0.000000
16 16.000004
17 0.000000
18 0.000006
19 0.000000
20 0.000002
21 0.000000
22 0.000022
23 0.000000
24 0.000005
25 0.000000
26 0.000004
27 0.000000
28 0.000001
29 0.000000
30 0.000005
31 0.000000
32 0.000000
33 0.000000
34 0.000005
35 0.000000
36 0.000001
37 0.000000
38 0.000006
39 0.000000
40 0.000006
41 0.000000
42 0.000001
43 0.000000
44 0.000002
45 0.000000
46 0.000001
47 0.000000
48 0.000001
49 0.000000
50 0.000003
51 0.000000
52 0.000003
53 0.000000
54 0.000002
55 0.000000
56 0.000002
57 0.000000
58 0.000009
59 0.000000
60 0.000004
61 0.000000
62 0.000001
63 0.000000
64 7.999996
65 0.000000
66 0.000012
67 0.000000
68 0.000004
69 0.000000
70 0.000002
71 0.000000
72 0.000004
73 0.000000
74 0.000000
75 0.000000
76 0.000003
77 0.000000
78 0.000005
79 0.000000
80 0.000004
81 0.000000
82 0.000005
83 0.000000
84 0.000002
85 0.000000
86 0.000012
87 0.000000
88 0.000004
89 0.000000
90 0.000009
91 0.000000
92 0.000001
93 0.000000
94 0.000012
95 0.000000
96 0.000000
97 0.000000
98 0.000002
99 0.000000
100 0.000001
101 0.000000
102 0.000007
103 0.000000
104 0.000006
105 0.000000
106 0.000002
107 0.000000
108 0.000002
109 0.000000
110 0.000009
111 0.000000
112 0.000007
113 0.000000
114 0.000009
115 0.000000
116 0.000003
117 0.000000
118 0.000007
119 0.000000
120 0.000004
121 0.000000
122 0.000003
123 0.000000
124 0.000004
125 0.000000
126 0.000010
127 0.000000
128 0.000004
129 0.000000
130 0.000010
131 0.000000
132 0.000004
133 0.000000
134 0.000003
135 0.000000
136 0.000004
137 0.000000
138 0.000007
139 0.000000
140 0.000003
141 0.000000
142 0.000009
143 0.000000
144 0.000007
145 0.000000
146 0.000009
147 0.000000
148 0.000002
149 0.000000
150 0.000002
151 0.000000
152 0.000006
153 0.000000
154 0.000007
155 0.000000
156 0.000001
157 0.000000
158 0.000002
159 0.000000
160 0.000000
161 0.000000
162 0.000012
163 0.000000
164 0.000001
165 0.000000
166 0.000009
167 0.000000
168 0.000004
169 0.000000
170 0.000012
171 0.000000
172 0.000002
173 0.000000
174 0.000005
175 0.000000
176 0.000004
177 0.000000
178 0.000005
179 0.000000
180 0.000003
181 0.000000
182 0.000000
183 0.000000
184 0.000004
185 0.000000
186 0.000002
187 0.000000
188 0.000004
189 0.000000
190 0.000012
191 0.000000
192 7.999996
193 0.000000
194 0.000001
195 0.000000
196 0.000004
197 0.000000
198 0.000009
199 0.000000
200 0.000002
201 0.000000
202 0.000002
203 0.000000
204 0.000003
205 0.000000
206 0.000003
207 0.000000
208 0.000001
209 0.000000
210 0.000001
211 0.000000
212 0.000002
213 0.000000
214 0.000001
215 0.000000
216 0.000006
217 0.000000
218 0.000006
219 0.000000
220 0.000001
221 0.000000
222 0.000005
223 0.000000
224 0.000000
225 0.000000
226 0.000005
227 0.000000
228 0.000001
229 0.000000
230 0.000004
231 0.000000
232 0.000005
233 0.000000
234 0.000022
235 0.000000
236 0.000002
237 0.000000
238 0.000006
239 0.000000
240 16.000004
241 0.000000
242 0.000000
243 0.000000
244 0.000003
245 0.000000
246 0.000001
247 0.000000
248 25.600002
249 0.000000
250 0.000006
251 0.000000
252 0.000004
253 0.000000
254 128.000000
255 0.000000
