-1 0.0384615
-0.99 0.0393433
-0.98 0.0402271
-0.97 0.041115
-0.96 0.0420091
-0.95 0.0429113
-0.94 0.0438238
-0.93 0.0447487
-0.92 0.0456878
-0.91 0.0466434
-0.9 0.0476174
-0.89 0.0486119
-0.88 0.049629
-0.87 0.0506707
-0.86 0.051739
-0.85 0.052836
-0.84 0.0539638
-0.83 0.0551244
-0.82 0.0563199
-0.81 0.0575522
-0.8 0.0588235
-0.79 0.0601364
-0.78 0.0614956
-0.77 0.0629066
-0.76 0.0643746
-0.75 0.0659051
-0.74 0.0675034
-0.73 0.0691748
-0.72 0.0709248
-0.71 0.0727586
-0.7 0.0746817
-0.69 0.0766994
-0.68 0.0788171
-0.67 0.08104
-0.66 0.0833737
-0.65 0.0858234
-0.64 0.0883945
-0.63 0.0910923
-0.62 0.0939223
-0.61 0.0968897
-0.6 0.1
-0.59 0.103258
-0.58 0.10667
-0.57 0.11024
-0.56 0.113973
-0.55 0.117874
-0.54 0.121949
-0.53 0.126202
-0.52 0.130638
-0.51 0.135263
-0.5 0.140081
-0.49 0.145097
-0.48 0.150317
-0.47 0.155745
-0.46 0.161387
-0.45 0.167247
-0.44 0.173331
-0.43 0.179643
-0.42 0.186188
-0.41 0.192972
-0.4 0.2
-0.39 0.207289
-0.38 0.214907
-0.37 0.222934
-0.36 0.231451
-0.35 0.240538
-0.34 0.250277
-0.33 0.260746
-0.32 0.272028
-0.31 0.284201
-0.3 0.297347
-0.29 0.311546
-0.28 0.326879
-0.27 0.343425
-0.26 0.361266
-0.25 0.380482
-0.24 0.401153
-0.23 0.42336
-0.22 0.447183
-0.21 0.472703
-0.2 0.5
-0.19 0.529087
-0.18 0.559704
-0.17 0.591525
-0.16 0.624223
-0.15 0.657472
-0.14 0.690944
-0.13 0.724313
-0.12 0.757251
-0.11 0.789433
-0.1 0.820531
-0.09 0.850218
-0.08 0.878167
-0.07 0.904053
-0.06 0.927547
-0.05 0.948324
-0.04 0.966056
-0.03 0.980416
-0.02 0.991078
-0.01 0.997715
7.5287e-16 1
0.01 0.997715
0.02 0.991078
0.03 0.980416
0.04 0.966056
0.05 0.948324
0.06 0.927547
0.07 0.904053
0.08 0.878167
0.09 0.850218
0.1 0.820531
0.11 0.789433
0.12 0.757251
0.13 0.724313
0.14 0.690944
0.15 0.657472
0.16 0.624223
0.17 0.591525
0.18 0.559704
0.19 0.529087
0.2 0.5
0.21 0.472703
0.22 0.447183
0.23 0.42336
0.24 0.401153
0.25 0.380482
0.26 0.361266
0.27 0.343425
0.28 0.326879
0.29 0.311546
0.3 0.297347
0.31 0.284201
0.32 0.272028
0.33 0.260746
0.34 0.250277
0.35 0.240538
0.36 0.231451
0.37 0.222934
0.38 0.214907
0.39 0.207289
0.4 0.2
0.41 0.192972
0.42 0.186188
0.43 0.179643
0.44 0.173331
0.45 0.167247
0.46 0.161387
0.47 0.155745
0.48 0.150317
0.49 0.145097
0.5 0.140081
0.51 0.135263
0.52 0.130638
0.53 0.126202
0.54 0.121949
0.55 0.117874
0.56 0.113973
0.57 0.11024
0.58 0.10667
0.59 0.103258
0.6 0.1
0.61 0.0968897
0.62 0.0939223
0.63 0.0910923
0.64 0.0883945
0.65 0.0858234
0.66 0.0833737
0.67 0.08104
0.68 0.0788171
0.69 0.0766994
0.7 0.0746817
0.71 0.0727586
0.72 0.0709248
0.73 0.0691748
0.74 0.0675034
0.75 0.0659051
0.76 0.0643746
0.77 0.0629066
0.78 0.0614956
0.79 0.0601364
0.8 0.0588235
0.81 0.0575522
0.82 0.0563199
0.83 0.0551244
0.84 0.0539638
0.85 0.052836
0.86 0.051739
0.87 0.0506707
0.88 0.049629
0.89 0.0486119
0.9 0.0476174
0.91 0.0466434
0.92 0.0456878
0.93 0.0447487
0.94 0.0438238
0.95 0.0429113
0.96 0.0420091
0.97 0.041115
0.98 0.0402271
0.99 0.0393433
