-1 0.0384615
-0.99 0.0394796
-0.98 0.0404977
-0.97 0.0415158
-0.96 0.0425339
-0.95 0.043552
-0.94 0.0445701
-0.93 0.0455882
-0.92 0.0466063
-0.91 0.0476244
-0.9 0.0486425
-0.89 0.0496606
-0.88 0.0506787
-0.87 0.0516968
-0.86 0.0527149
-0.85 0.053733
-0.84 0.0547511
-0.83 0.0557692
-0.82 0.0567873
-0.81 0.0578054
-0.8 0.0588235
-0.79 0.0608824
-0.78 0.0629412
-0.77 0.065
-0.76 0.0670588
-0.75 0.0691176
-0.74 0.0711765
-0.73 0.0732353
-0.72 0.0752941
-0.71 0.0773529
-0.7 0.0794118
-0.69 0.0814706
-0.68 0.0835294
-0.67 0.0855882
-0.66 0.0876471
-0.65 0.0897059
-0.64 0.0917647
-0.63 0.0938235
-0.62 0.0958824
-0.61 0.0979412
-0.6 0.1
-0.59 0.105
-0.58 0.11
-0.57 0.115
-0.56 0.12
-0.55 0.125
-0.54 0.13
-0.53 0.135
-0.52 0.14
-0.51 0.145
-0.5 0.15
-0.49 0.155
-0.48 0.16
-0.47 0.165
-0.46 0.17
-0.45 0.175
-0.44 0.18
-0.43 0.185
-0.42 0.19
-0.41 0.195
-0.4 0.2
-0.39 0.215
-0.38 0.23
-0.37 0.245
-0.36 0.26
-0.35 0.275
-0.34 0.29
-0.33 0.305
-0.32 0.32
-0.31 0.335
-0.3 0.35
-0.29 0.365
-0.28 0.38
-0.27 0.395
-0.26 0.41
-0.25 0.425
-0.24 0.44
-0.23 0.455
-0.22 0.47
-0.21 0.485
-0.2 0.5
-0.19 0.525
-0.18 0.55
-0.17 0.575
-0.16 0.6
-0.15 0.625
-0.14 0.65
-0.13 0.675
-0.12 0.7
-0.11 0.725
-0.1 0.75
-0.09 0.775
-0.08 0.8
-0.07 0.825
-0.06 0.85
-0.05 0.875
-0.04 0.9
-0.03 0.925
-0.02 0.95
-0.01 0.975
7.5287e-16 1
0.01 0.975
0.02 0.95
0.03 0.925
0.04 0.9
0.05 0.875
0.06 0.85
0.07 0.825
0.08 0.8
0.09 0.775
0.1 0.75
0.11 0.725
0.12 0.7
0.13 0.675
0.14 0.65
0.15 0.625
0.16 0.6
0.17 0.575
0.18 0.55
0.19 0.525
0.2 0.5
0.21 0.485
0.22 0.47
0.23 0.455
0.24 0.44
0.25 0.425
0.26 0.41
0.27 0.395
0.28 0.38
0.29 0.365
0.3 0.35
0.31 0.335
0.32 0.32
0.33 0.305
0.34 0.29
0.35 0.275
0.36 0.26
0.37 0.245
0.38 0.23
0.39 0.215
0.4 0.2
0.41 0.195
0.42 0.19
0.43 0.185
0.44 0.18
0.45 0.175
0.46 0.17
0.47 0.165
0.48 0.16
0.49 0.155
0.5 0.15
0.51 0.145
0.52 0.14
0.53 0.135
0.54 0.13
0.55 0.125
0.56 0.12
0.57 0.115
0.58 0.11
0.59 0.105
0.6 0.1
0.61 0.0979412
0.62 0.0958824
0.63 0.0938235
0.64 0.0917647
0.65 0.0897059
0.66 0.0876471
0.67 0.0855882
0.68 0.0835294
0.69 0.0814706
0.7 0.0794118
0.71 0.0773529
0.72 0.0752941
0.73 0.0732353
0.74 0.0711765
0.75 0.0691176
0.76 0.0670588
0.77 0.065
0.78 0.0629412
0.79 0.0608824
0.8 0.0588235
0.81 0.0578054
0.82 0.0567873
0.83 0.0557692
0.84 0.0547511
0.85 0.053733
0.86 0.0527149
0.87 0.0516968
0.88 0.0506787
0.89 0.0496606
0.9 0.0486425
0.91 0.0476244
0.92 0.0466063
0.93 0.0455882
0.94 0.0445701
0.95 0.043552
0.96 0.0425339
0.97 0.0415158
0.98 0.0404977
0.99 0.0394796
