1.5707963 0.4611937
1.6818627 0.4890552
1.7929291 0.5300451
1.9039955 0.5838248
2.0150620 0.6499144
2.1261284 0.7276978
2.2371948 0.8164300
2.3482612 0.9152447
2.4593276 1.0231641
2.5703940 1.1391094
2.6814604 1.2619130
2.7925268 1.3903316
2.9035932 1.5230602
3.0146596 1.6587476
3.1257260 1.7960114
3.2367924 1.9334545
3.3478588 2.0696817
3.4589252 2.2033156
3.5699917 2.3330133
3.6810581 2.4574821
3.7921245 2.5754951
3.9031909 2.6859059
4.0142573 2.7876620
4.1253237 2.8798174
4.2363901 2.9615444
4.3474565 3.0321431
4.4585229 3.0910496
4.5695893 3.1378434
4.6806557 3.1722518
4.7917221 3.1941532
4.9027885 3.2035787
5.0138549 3.2007114
5.1249213 3.1858841
5.2359878 3.1595751
5.3470542 3.1224022
5.4581206 3.0751154
5.5691870 3.0185868
5.6802534 2.9538008
5.7913198 2.8818411
5.9023862 2.8038781
6.0134526 2.7211537
6.1245190 2.6349665
6.2355854 2.5466558
6.3466518 2.4575849
6.4577182 2.3691243
6.5687846 2.2826350
6.6798510 2.1994516
6.7909175 2.1208661
6.9019839 2.0481116
7.0130503 1.9823475
7.1241167 1.9246451
7.2351831 1.8759744
7.3462495 1.8371922
7.4573159 1.8090316
7.5683823 1.7920929
7.6794487 1.7868363
7.7905151 1.7935764
7.9015815 1.8124780
8.0126479 1.8435545
8.1237143 1.8866673
8.2347807 1.9415281
8.3458472 2.0077020
8.4569136 2.0846131
8.5679800 2.1715517
8.6790464 2.2676828
8.7901128 2.3720567
8.9011792 2.4836206
9.0122456 2.6012316
9.1233120 2.7236708
9.2343784 2.8496584
9.3454448 2.9778694
9.4565112 3.1069502
9.5675776 3.2355349
9.6786440 3.3622625
9.7897104 3.4857935
9.9007768 3.6048266
10.0118433 3.7181146
10.1229097 3.8244798
10.2339761 3.9228286
10.3450425 4.0121650
10.4561089 4.0916029
10.5671753 4.1603769
10.6782417 4.2178521
10.7893081 4.2635313
10.9003745 4.2970619
11.0114409 4.3182398
11.1225073 4.3270119
11.2335737 4.3234772
11.3446401 4.3078850
11.4557065 4.2806323
11.5667730 4.2422589
11.6778394 4.1934403
11.7889058 4.1349801
11.8999722 4.0677994
12.0110386 3.9929261
12.1221050 3.9114817
12.2331714 3.8246679
12.3442378 3.7337516
12.4553042 3.6400494
12.5663706 3.5449112
