-55382
-534048
150798
910586
-497132
410020
58086
336150
-533648
302776
392536
496302
-974812
-127012
469674
830422
-573890
-665558
-308156
436584
-726786
-949436
-364322
-784166
88088
445646
-932904
734298
-875208
785050
-946710
260242
389060
879658
-616578
-69938
545384
383314
-357412
759360
117070
-803012
225416
-532190
334636
-639598
-679830
547838
-293244
-605322
-143700
791240
252198
690228
795622
-398412
-113286
600506
668414
800966
904060
-100538
-980916
765094
821510
-107934
261886
-802892
130132
-519668
190906
-396700
-149178
-454854
427274
422210
52830
574078
435570
-849066
268310
235780
279270
-375120
472780
852802
-17060
566458
-724966
-203278
-800582
-299436
-952754
914108
503806
-924002
108984
245808
750612
-135016
